-425. -0.77123842
-175. 0.13491993
75. 1.0410783
325. 1.9472366
575. 2.853395
1075 4.6712809
1325 5.5805068
1775 7.2180941
2025 8.1284101
2475 9.7679614
2725 10.679369
3175 12.320888
3425 13.23339
3875 14.876879
4125 15.790477
4575 17.43594
4825 18.350636
5275 19.998077
5525 20.913873
5975 22.563296
6225 23.480193
6675 25.132058
6925 26.049908
7375 27.702303
7625 28.620446
8075 30.273366
8325 31.191799
8775 32.845237
9025 33.763957
9475 35.417908
9725 36.33691
10175 37.991367
10425 38.910649
10875 40.565607
11125 41.485166
11575 43.140618
11825 44.06045
12275 45.716392
12525 46.636494
12975 48.292919
13225 49.213288
13675 50.870191
13925 51.790824
14375 53.448199
14625 54.369092
15075 56.026934
15325 56.948086
15775 58.606389
16025 59.527795
16475 61.186555
16725 62.108213
17175 63.767423
17425 64.689331
17875 66.348986
18125 67.27114
18575 68.931236
18825 69.853633
19275 71.514164
19525 72.436802
19975 74.097764
20225 75.020639
20675 76.682026
20925 77.605136
21375 79.266944
21625 80.190286
22075 81.85251
22325 82.776082
22775 84.438717
23025 85.362516
23475 87.025556
23725 87.94958
24175 89.613022
24425 90.537267
24875 92.201106
25125 93.12557
25575 94.789802
25825 95.714483
26275 97.379102
26525 98.303998
26975 99.969
27225 100.89411
27675 102.55949
27925 103.48481
28375 105.15056
28625 106.07609
29075 107.74221
29325 108.66794
29775 110.33443
30025 111.26036
30475 112.92722
30725 113.85335
31175 115.52056
31425 116.44689
31875 118.11445
32125 119.04098
32575 120.70889
32825 121.63561
33275 123.30387
33525 124.23077
33975 125.89938
34225 126.82647
34675 128.49541
34925 129.42269
35375 131.09197
35625 132.01943
36075 133.68904
36325 134.61669
36775 136.28662
37025 137.21445
37475 138.8847
37725 139.8127
38175 141.48328
38425 142.41146
38875 144.08234
39125 145.0107
39575 146.6819
39825 147.61043
40275 149.28193
40525 150.21063
40975 151.88244
41225 152.81131
41675 154.48342
41925 155.41245
42375 157.08608
42625 158.01528
43075 159.68798
43325 160.61734
43775 162.29033
44025 163.21985
44475 164.89313
44725 165.82281
45175 167.49637
45425 168.42621
45875 170.10005
46125 171.03004
46575 172.70416
46825 173.6343
47275 175.3087
47525 176.23899
47975 177.91366
48225 178.8441
48675 180.51904
48925 181.44963
49375 183.12483
49625 184.05557
50075 185.73103
50325 186.66191
50775 188.33763
51025 189.26866
51475 190.94463
51725 191.8758
52175 193.55203
52425 194.48333
52875 196.15981
53125 197.09126
53575 198.76798
53825 199.69956
54275 201.37653
54525 202.30825
54975 203.98546
55225 204.91731
55675 206.59476
55925 207.52674
56375 209.20442
56625 210.13653
57075 211.81445
57325 212.74669
57775 214.42484
58025 215.35721
58475 217.03558
58725 217.96807
59175 219.64667
59425 220.57929
59875 222.25811
60125 223.19086
60575 224.8699
60825 225.80276
61275 227.48202
61525 228.415
61975 230.09448
62225 231.02758
62675 232.70726
62925 233.64048
63375 235.32038
63625 236.25371
64075 237.93382
64325 238.86727
64775 240.54757
65025 241.48114
65475 243.16165
65725 244.09532
66175 245.77603
66425 246.70982
66875 248.39073
67125 249.32462
67575 251.00573
67825 251.93973
68275 253.62103
68525 254.55514
68975 256.23663
69225 257.17084
69675 258.85252
69925 259.78684
70375 261.46871
70625 262.40313
71075 264.08518
71325 265.0197
71775 266.70194
72025 267.63656
72475 269.31898
72725 270.2537
73175 271.93629
73425 272.87111
73875 274.55388
74125 275.4888
74575 277.17175
74825 278.10676
75275 279.78988
75525 280.72499
75975 282.40827
76225 283.34348
76675 285.02693
76925 285.96223
77375 287.64585
77625 288.58124
78075 290.26502
78325 291.2005
78775 292.88445
79025 293.82002
79475 295.50412
79725 296.43978
80175 298.12405
80425 299.05979
80875 300.74421
81125 301.68005
81575 303.36462
81825 304.30054
82275 305.98527
82525 306.92127
82975 308.60616
83225 309.54224
83675 311.22727
83925 312.16344
84375 313.85048
84625 314.78673
85075 316.47206
85325 317.40839
85775 319.09386
86025 320.03027
86475 321.71588
86725 322.65237
87175 324.33813
87425 325.27469
87875 326.96059
88125 327.89723
88575 329.58326
88825 330.51998
89275 332.20615
89525 333.14295
89975 334.82925
90225 335.76612
90675 337.45255
90925 338.3895
91375 340.07606
91625 341.01308
92075 342.69978
92325 343.63686
92775 345.32369
93025 346.26085
93475 347.9478
93725 348.88503
94175 350.57211
94425 351.50941
94875 353.19661
95125 354.13397
95575 355.8213
95825 356.75873
96275 358.44618
96525 359.38368
96975 361.07124
97225 362.00881
97675 363.69649
97925 364.63413
98375 366.32193
98625 367.25962
99075 368.94754
99325 369.8853
99775 371.57333
100025 372.51115
100475 374.1993
100725 375.13718
101175 376.82544
101425 377.76339
101875 379.45175
102125 380.38976
102575 382.07823
102825 383.0163
103275 384.70488
103525 385.64301
103975 387.3317
104225 388.26989
104675 389.95868
104925 390.89693
105375 392.58582
105625 393.52413
106075 395.21312
106325 396.15148
106775 397.84058
107025 398.779
107475 400.4682
107725 401.40667
108175 403.09597
108425 404.0345
108875 405.7239
109125 406.66248
109575 408.35197
109825 409.29061
110275 410.9802
110525 411.91889
110975 413.60857
111225 414.54731
111675 416.23709
111925 417.17588
112375 418.86575
112625 419.80459
113075 421.49456
113325 422.43345
113775 424.1235
114025 425.06244
114475 426.75259
114725 427.69158
115175 429.38181
115425 430.32085
115875 432.01116
116125 432.95025
116575 434.64066
116825 435.57979
117275 437.27028
117525 438.20946
117975 439.90004
118225 440.83927
118675 442.52992
118925 443.4692
119375 445.15993
119625 446.09926
120075 447.79007
120325 448.72944
120775 450.42034
121025 451.35975
121475 453.05073
121725 453.99018
122175 455.68124
122425 456.62073
122875 458.31187
123125 459.25141
123575 460.94262
123825 461.8822
124275 463.57349
124525 464.51311
124975 466.20447
125225 467.14414
125675 468.83557
125925 469.77528
126375 471.47549
126625 472.41522
127075 474.10672
127325 475.04645
127775 476.73795
128025 477.67768
128475 479.36919
128725 480.30891
129175 482.00042
129425 482.94015
129875 484.63165
130125 485.57138
130575 487.26288
130825 488.20261
131275 489.89412
131525 490.83384