-425. 1.7962431041357063
-175. 1.7962431041357063
75. 1.7962431041357063
325. 1.7962431041357063
575. 1.7962431041357063
1075 1.7501431041357065
1325 1.7501431041357065
1775 1.7501431041357065
2025 1.7501431041357065
2475 1.7501431041357065
2725 1.7501431041357065
3175 1.7501431041357065
3425 1.7501431041357065
3875 1.7501431041357065
4125 1.7501431041357065
4575 1.7501431041357065
4825 1.7501431041357065
5275 1.7501431041357065
5525 1.7501431041357065
5975 1.7501431041357065
6225 1.7501431041357065
6675 1.8270431041357065
6925 1.8270431041357065
7375 1.8270431041357065
7625 1.8270431041357065
8075 1.8270431041357065
8325 1.8270431041357065
8775 1.8270431041357065
9025 1.8270431041357065
9475 1.8270431041357065
9725 1.8270431041357065
10175 1.8270431041357065
10425 1.8270431041357065
10875 1.8270431041357065
11125 1.8270431041357065
11575 1.8270431041357065
11825 1.8270431041357065
12275 1.8270431041357065
12525 1.8270431041357065
12975 1.8270431041357065
13225 1.8270431041357065
13675 1.8270431041357065
13925 1.8270431041357065
14375 1.8270431041357065
14625 1.8270431041357065
15075 1.8270431041357065
15325 1.8270431041357065
15775 1.8270431041357065
16025 1.8270431041357065
16475 1.8270431041357065
16725 1.8270431041357065
17175 1.8270431041357065
17425 1.8270431041357065
17875 1.8270431041357065
18125 1.8270431041357065
18575 1.8270431041357065
18825 1.8270431041357065
19275 1.8270431041357065
19525 1.8270431041357065
19975 1.8270431041357065
20225 1.8270431041357065
20675 1.8270431041357065
20925 1.8270431041357065
21375 1.8270431041357065
21625 1.8270431041357065
22075 1.8270431041357065
22325 1.8270431041357065
22775 1.8270431041357065
23025 1.8270431041357065
23475 1.8270431041357065
23725 1.8270431041357065
24175 1.8270431041357065
24425 1.8270431041357065
24875 1.8270431041357065
25125 1.8270431041357065
25575 1.8270431041357065
25825 1.8270431041357065
26275 1.8270431041357065
26525 1.8270431041357065
26975 1.8270431041357065
27225 1.8270431041357065
27675 1.8270431041357065
27925 1.8270431041357065
28375 1.8270431041357065
28625 1.8270431041357065
29075 1.8270431041357065
29325 1.8270431041357065
29775 1.8270431041357065
30025 1.8270431041357065
30475 1.8270431041357065
30725 1.8270431041357065
31175 1.8270431041357065
31425 1.8270431041357065
31875 1.8270431041357065
32125 1.8270431041357065
32575 1.8270431041357065
32825 1.8270431041357065
33275 1.8270431041357065
33525 1.8270431041357065
33975 1.8270431041357065
34225 1.8270431041357065
34675 1.8270431041357065
34925 1.8270431041357065
35375 1.8270431041357065
35625 1.8270431041357065
36075 1.8270431041357065
36325 1.8270431041357065
36775 1.8270431041357065
37025 1.8270431041357065
37475 1.8270431041357065
37725 1.8270431041357065
38175 1.8270431041357065
38425 1.8270431041357065
38875 1.8270431041357065
39125 1.8270431041357065
39575 1.8270431041357065
39825 1.8270431041357065
40275 1.8270431041357065
40525 1.8270431041357065
40975 1.8270431041357065
41225 1.8270431041357065
41675 1.8270431041357065
41925 1.8270431041357065
42375 1.8270431041357065
42625 1.8270431041357065
43075 1.8270431041357065
43325 1.8270431041357065
43775 1.8270431041357065
44025 1.8270431041357065
44475 1.8270431041357065
44725 1.8270431041357065
45175 1.8270431041357065
45425 1.8270431041357065
45875 1.8270431041357065
46125 1.8270431041357065
46575 1.8270431041357065
46825 1.8270431041357065
47275 1.8270431041357065
47525 1.8270431041357065
47975 1.8270431041357065
48225 1.8270431041357065
48675 1.8270431041357065
48925 1.8270431041357065
49375 1.8270431041357065
49625 1.8270431041357065
50075 1.8270431041357065
50325 1.8270431041357065
50775 1.8270431041357065
51025 1.8270431041357065
51475 1.8270431041357065
51725 1.8270431041357065
52175 1.8270431041357065
52425 1.8270431041357065
52875 1.8270431041357065
53125 1.8270431041357065
53575 1.8270431041357065
53825 1.8270431041357065
54275 1.8270431041357065
54525 1.8270431041357065
54975 1.8270431041357065
55225 1.8270431041357065
55675 1.8270431041357065
55925 1.8270431041357065
56375 1.8270431041357065
56625 1.8270431041357065
57075 1.8270431041357065
57325 1.8270431041357065
57775 1.8270431041357065
58025 1.8270431041357065
58475 1.8270431041357065
58725 1.8270431041357065
59175 1.8270431041357065
59425 1.8270431041357065
59875 1.8270431041357065
60125 1.8270431041357065
60575 1.8270431041357065
60825 1.8270431041357065
61275 1.8270431041357065
61525 1.8270431041357065
61975 1.8270431041357065
62225 1.8270431041357065
62675 1.8270431041357065
62925 1.8270431041357065
63375 1.8270431041357065
63625 1.8270431041357065
64075 1.8270431041357065
64325 1.8270431041357065
64775 1.8270431041357065
65025 1.8270431041357065
65475 1.8270431041357065
65725 1.8270431041357065
66175 1.8270431041357065
66425 1.8270431041357065
66875 1.8270431041357065
67125 1.8270431041357065
67575 1.8270431041357065
67825 1.8270431041357065
68275 1.8270431041357065
68525 1.8270431041357065
68975 1.8270431041357065
69225 1.8270431041357065
69675 1.8270431041357065
69925 1.8270431041357065
70375 1.8270431041357065
70625 1.8270431041357065
71075 1.8270431041357065
71325 1.8270431041357065
71775 1.8270431041357065
72025 1.8270431041357065
72475 1.8270431041357065
72725 1.8270431041357065
73175 1.8270431041357065
73425 1.8270431041357065
73875 1.8270431041357065
74125 1.8270431041357065
74575 1.8270431041357065
74825 1.8270431041357065
75275 1.8270431041357065
75525 1.8270431041357065
75975 1.8270431041357065
76225 1.8270431041357065
76675 1.8270431041357065
76925 1.8270431041357065
77375 1.8270431041357065
77625 1.8270431041357065
78075 1.8270431041357065
78325 1.8270431041357065
78775 1.8270431041357065
79025 1.8270431041357065
79475 1.8270431041357065
79725 1.8270431041357065
80175 1.8270431041357065
80425 1.8270431041357065
80875 1.8270431041357065
81125 1.8270431041357065
81575 1.8270431041357065
81825 1.8270431041357065
82275 1.8270431041357065
82525 1.8270431041357065
82975 1.8270431041357065
83225 1.8270431041357065
83675 1.8270431041357065
83925 1.8270431041357065
84375 1.8270431041357065
84625 1.8270431041357065
85075 1.8270431041357065
85325 1.8270431041357065
85775 1.8270431041357065
86025 1.8270431041357065
86475 1.8270431041357065
86725 1.8270431041357065
87175 1.8270431041357065
87425 1.8270431041357065
87875 1.8270431041357065
88125 1.8270431041357065
88575 1.8270431041357065
88825 1.8270431041357065
89275 1.8270431041357065
89525 1.8270431041357065
89975 1.8270431041357065
90225 1.8270431041357065
90675 1.8270431041357065
90925 1.8270431041357065
91375 1.8270431041357065
91625 1.8270431041357065
92075 1.8270431041357065
92325 1.8270431041357065
92775 1.8270431041357065
93025 1.8270431041357065
93475 1.8270431041357065
93725 1.8270431041357065
94175 1.8270431041357065
94425 1.8270431041357065
94875 1.8270431041357065
95125 1.8270431041357065
95575 1.8270431041357065
95825 1.8270431041357065
96275 1.8270431041357065
96525 1.8270431041357065
96975 1.8270431041357065
97225 1.8270431041357065
97675 1.8270431041357065
97925 1.8270431041357065
98375 1.8270431041357065
98625 1.8270431041357065
99075 1.8270431041357065
99325 1.8270431041357065
99775 1.8270431041357065
100025 1.8270431041357065
100475 1.8270431041357065
100725 1.8270431041357065
101175 1.8270431041357065
101425 1.8270431041357065
101875 1.8270431041357065
102125 1.8270431041357065
102575 1.8270431041357065
102825 1.8270431041357065
103275 1.8270431041357065
103525 1.8270431041357065
103975 1.8270431041357065
104225 1.8270431041357065
104675 1.8270431041357065
104925 1.8270431041357065
105375 1.8270431041357065
105625 1.8270431041357065
106075 1.8270431041357065
106325 1.8270431041357065
106775 1.8270431041357065
107025 1.8270431041357065
107475 1.8270431041357065
107725 1.8270431041357065
108175 1.8270431041357065
108425 1.8270431041357065
108875 1.8270431041357065
109125 1.8270431041357065
109575 1.8270431041357065
109825 1.8270431041357065
110275 1.8270431041357065
110525 1.8270431041357065
110975 1.8270431041357065
111225 1.8270431041357065
111675 1.8270431041357065
111925 1.8270431041357065
112375 1.8270431041357065
112625 1.8270431041357065
113075 1.8270431041357065
113325 1.8270431041357065
113775 1.8270431041357065
114025 1.8270431041357065
114475 1.8270431041357065
114725 1.8270431041357065
115175 1.8270431041357065
115425 1.8270431041357065
115875 1.8270431041357065
116125 1.8270431041357065
116575 1.8270431041357065
116825 1.8270431041357065
117275 1.8270431041357065
117525 1.8270431041357065
117975 1.8270431041357065
118225 1.8270431041357065
118675 1.8270431041357065
118925 1.8270431041357065
119375 1.8270431041357065
119625 1.8270431041357065
120075 1.8270431041357065
120325 1.8270431041357065
120775 1.8270431041357065
121025 1.8270431041357065
121475 1.8270431041357065
121725 1.8270431041357065
122175 1.8270431041357065
122425 1.8270431041357065
122875 1.8270431041357065
123125 1.8270431041357065
123575 1.8270431041357065
123825 1.8270431041357065
124275 1.8270431041357065
124525 1.8270431041357065
124975 1.8270431041357065
125225 1.8270431041357065
125675 1.8270431041357065
125925 1.8270431041357065
126375 1.8190431041357065
126625 1.8190431041357065
127075 1.8190431041357065
127325 1.8190431041357065
127775 1.8190431041357065
128025 1.8190431041357065
128475 1.8190431041357065
128725 1.8190431041357065
129175 1.8190431041357065
129425 1.8190431041357065
129875 1.8190431041357065
130125 1.8190431041357065
130575 1.8190431041357065
130825 1.8190431041357065
131275 1.8190431041357065
131525 1.8190431041357065